<?xml version="1.0"?>
<opencv_storage>
<frame_count>10</frame_count>
<frame_size>
  320 200</frame_size>
<color_cvt_matrix type_id="opencv-matrix">
  <rows>5</rows>
  <cols>5</cols>
  <dt>f</dt>
  <data>
    3.29346483e+009 187.32554626 8.82115625e+005 2.27892273e+014
    6.85904497e+034 4.43830286e+027 2.42108162e+014 3.62237589e-003
    1.47792230e+010 4.58404905e+030 1.02673447e+004 1.81768005e+031
    2.85615144e+026 7.12208093e+028 2.39079323e+029 4.30590511e+021
    7.22507008e+028 7.69999981 0.50000000 1.81758830e+031
    2.09713065e+017 1.13075428e+024 2.01069228e-019 6.97762776e+022
    0.50000000</data></color_cvt_matrix>
</opencv_storage>
