<?xml version="1.0"?>
<opencv_storage>
<my_matrix type_id="opencv-matrix">
  <rows>5</rows>
  <cols>5</cols>
  <dt>f</dt>
  <data>
    48.56251907 2.80259693e-044 5.71276874e-039 1.40129846e-045
    5.71281358e-039 7.00649232e-045 7.00649232e-045 4.30366570e+021
    8.26551695e-040 1.10259628e-039 5.69489938e-039 5.69489938e-039
    7.22314524e+028 4.62802186e+027 2.68454234e+017 5.71273511e-039
    1.40129846e-045 3.23953060e-003 2.42142790e+014 3.29346483e+009
    1.74559882e+031 7.21492198e+022 2.71912967e-003 2.42142790e+014
    3.29346483e+009</data></my_matrix>
</opencv_storage>
